36788
00013
00015
00017
00019
00021
00023
00025
12185
15533
34289
00031
12195
12193
00037
00039
21767
00043
32529
00049
00053
00057
27025
00065
21788
37648
00069
00071
37649
00073
24456
38676
38679
38686
40911
40912
40919
41624
40918
40921
40985
40917
40916
40920
40913
31364
31614
32555
19213
21771
41117
19156
21755
31745
37579
00113
00119
00121
33500
37561
41378
00151
00155
00157
21541
34777
34778
00163
00165
00167
00169
36221
36224
40620
21593
00179
35338
00189
00191
00193
00195
00197
21603
39617
35454
00209
00213
41377
31329
34973
00223
29515
39501
00227
00229
00231
00233
40175
39502
39503
00243
40669
00245
34784
00247
00249
15413
33515
33517
29294
40656
40786
37419
39676
39677
39682
39683
39690
40084
39691
39694
39702
00275
00277
29297
29300
00283
00285
39781
00291
00313
00315
39728
40655
41516
24558
28883
31316
35615
33689
41096
32303
33508
36140
32301
37125
28888
37137
39904
39915
15368
32300
41111
41112
24563
24565
39517
36637
38587
38588
41109
39518
40594
40593
41397
18474
33985
33973
33974
33975
33986
34824
26925
26977
35985
40829
34246
27056
34855
33976
33980
33995
35988
27062
32214
32215
32216
34811
23943
18675
19699
37914
18677
20503
33998
36673
32225
23996
18708
18709
31647
38967
40181
40182
40183
40184
40185
40186
36803
38969
37079
36799
00363
00365
00369
00371
40346
40591
35651
00389
37262
00393
37362
40592
00397
36725
40626
29958
37425
38003
00407
35285
00411
37277
00413
00417
00419
00421
23872
32685
36181
40040
40613
40046
40610
25258
15360
00443
29961
19321
29962
32686
21468
21470
00453
00457
38934
39204
41311
00463
40614
00469
40625
41345
40624
00481
00483
00485
00489
38935
39810
00493
40237
35397
39811
15378
00501
00503
29963
32697
32698
32699
32700
32703
32705
39205
41334
37446
37447
41350
41321
41333
41592
41655
41448
41669
41635
40616
40617
41340
33071
41590
41239
24514
40681
40763
40766
40803
33129
33155
33969
24123
21346
21347
10351
10353
10357
12561
15149
16483
16484
21348
00847
00849
00851
38231
00863
00865
00869
00871
00877
00879
29153
21351
21353
28975
28977
28978
28979
28980
28983
28984
28986
28987
28989
32510
00885
33017
10375
00889
00891
00893
33016
00895
00897
00899
00901
33015
38894
21423
21424
21425
25735
32519
40998
24589
24590
00919
00921
00923
21492
21493
41000
10385
00965
00967
00969
28990
41165
28991
34390
00973
41010
16304
27831
33934
00975
32661
41012
41013
32607
33161
32652
32653
32672
33950
28995
41019
41020
24686
24841
24842
37620
41022
41023
41025
32550
01023
41634
41674
38328
28997
36845
41030
01033
01035
01037
18057
18058
18060
38336
31797
26991
26992
37616
37618
37619
38916
38917
01177
01185
33936
36394
33937
01201
01215
01217
33123
01331
01451
41498
35502
35861
32575
37626
37627
37628
38919
38920
01765
36731
01769
01771
30018
00727
00729
24712
32668
32673
32675
00739
00741
00743
37549
40063
41632
41633
40970
00755
32681
32707
27000
40944
22082
40969
32719
00767
39807
32734
39323
37562
31722
00787
00797
41625
00799
00801
39975
40176
41254
41561
41565
32747
00815
00817
38472
38476
40570
38982
41331
30064
40477
41332
35730
35323
28999
29022
36483
35753
33583
39813
39821
39825
02059
21383
02063
02075
34409
02113
02155
27409
02159
32559
23971
23958
41405
39041
39042
41326
39044
39045
39046
39047
39048
39049
39050
41387
02181
02185
41318
02187
02189
02191
02195
32735
39208
02199
02201
31698
02205
02207
02209
02211
27318
41320
02215
40508
18737
02217
41368
02219
02221
35737
35868
02225
25135
31701
02233
02235
02237
32129
32130
21584
21589
38321
02249
39234
40125
18756
18758
02253
02257
02261
02265
02267
02269
02271
02273
38045
39235
02285
41543
24779
23406
40319
40271
40316
40364
40390
40398
02299
40268
40269
40418
40222
18228
39523
26642
36095
39524
40896
37212
40895
40892
38657
39525
40889
40891
36532
39829
37528
36611
40866
36547
40358
40360
18750
18819
18820
36610
41415
31876
31877
33237
40942
41396
33780
33781
21559
19056
31826
31827
25423
41481
36144
38290
25422
37349
39186
26864
40941
32328
32329
39400
41346
23748
18143
34335
18146
18149
18150
18152
18153
24553
18171
18172
18173
18205
24554
26882
18209
18212
18214
18215
18217
18220
18221
18223
37038
18360
36865
37039
40690
40691
40692
40693
40694
40695
40696
40698
40704
40706
40884
18363
18370
18377
18380
18385
21583
26886
38740
35975
35976
18542
34337
18546
21631
39927
24282
37057
18599
34339
18602
18909
33170
21644
18607
35980
31482
35986
40746
36130
41214
18634
34341
37114
34775
40873
33028
35989
41364
18680
38417
36440
38592
41215
40797
18690
18703
33533
31390
29009
15104
40158
15070
15025
40160
15026
15067
15068
40004
40005
40006
40007
40008
40009
40010
40011
40013
35016
34870
34871
35017
35018
39991
39992
39993
40849
32951
39872
35123
39994
35044
39873
23964
39817
39290
37171
39680
40604
36216
36927
38249
36201
36205
38733
33050
37178
41656
26953
28933
35756
35757
35759
35762
37181
37198
02637
02639
32471
32472
38735
36219
24478
22364
36202
28017
39812
40249
40363
36226
32220
32223
34836
02519
40725
40759
40761
34812
29151
34203
32515
32520
39654
38633
33916
38639
37385
32574
41437
35688
39615
40069
36179
40200
37405
40812
41342
41074
41075
41066
41077
41082
41076
41142
39359
37841
35058
33782
33193
32592
33594
41141
41308
24649
39920
32584
36165
36166
39662
36164
36740
38186
33587
36171
02707
02709
35076
33588
37288
37290
37292
37293
41143
02761
28892
41392
41381
02765
02767
40845
40847
41399
41400
40842
40843
41395
02769
40308
41393
41383
41463
02777
39536
41384
02779
40837
40838
40839
41490
41474
41166
41167
41196
39707
39710
41194
39713
41197
39711
41195
39714
41198
41199
41200
41201
39712
41447
41202
41439
41440
41441
41442
41443
41444
41445
41446
39015
30312
39016
02833
02851
29486
29231
31926
39185
34881
41491
41548
34882
40646
39017
39018
36128
40647
17854
40649
41436
26607
33945
39020
36699
39019
33947
24259
39022
39024
02907
39942
39946
39028
39026
34987
40678
40679
39029
34993
40687
40688
15479
15480
39956
41678
40689
02933
41338
40965
36206
41385
41386
41527
41589
26691
16904
03075
33088
03067
15458
03073
11105
36728
11129
37988
22420
20624
18277
11115
11125
32137
41275
41335
36595
39515
39516
40516
41315
40517
41316
02983
40959
41065
41549
40999
40278
41611
35940
38385
41001
33475
38454
38458
41309
39388
41670
38460
37983
37984
40087
40088
40089
40092
41647
38171
41531
32340
40949
40950
37372
33784
41609
33785
41036
33787
33788
32335
32336
41453
22099
40955
40956
24405
24406
24403
24404
03165
16744
15255
15276
16745
11373
11377
15295
03189
17794
03199
17795
03209
03211
15294
11055
17796
03239
03245
03247
03259
25118
36487
19492
39885
40037
34489
19325
36885
40279
39445
15220
03299
03301
03303
23619
03311
03313
03315
03317
03319
03321
03323
23223
03327
23222
03297
22849
03305
03335
22708
15687
03343
03331
22622
03333
03355
03329
36867
31449
03397
03423
03381
03383
03385
03387
03389
03391
03393
03395
03375
03399
03401
03377
03405
03407
03409
03417
03419
03403
15160
22726
22202
22203
03425
03427
03429
03431
22910
23096
03433
37443
32358
32360
34995
34996
03457
03469
03461
03463
15848
35587
03459
03471
03473
03479
03477
03475
03481
31974
03485
03487
03491
03493
03495
03497
34064
03507
03505
03503
03509
15165
03483
31975
22583
22580
15166
03511
03515
03517
03499
22711
32363
32361
34056
34059
22577
33547
31995
03533
32365
03551
03549
32366
03559
03561
03569
03573
38989
41126
26655
33639
41127
32441
03585
41129
29341
37815
03595
11881
03593
03597
03599
00003
03605
15189
03607
23594
18046
31573
36877
03627
03625
26796
26797
38992
38993
29391
29392
03649
03651
25807
25401
33836
34616
38994
37573
38996
21275
21276
18129
37575
37576
03677
23164
31611
39397
36296
36298
33152
40197
40290
40338
40469
41630
03703
34735
34736
41677
34738
31028
35236
31409
37485
37487
33271
38410
39528
40518
33094
33095
37997
38411
39529
40519
33821
35298
34571
33838
39197
38412
39126
34283
38414
33844
39220
38415
38416
35447
41662
33845
39551
38413
37305
37331
37327
37324
37328
37326
37329
40880
40867
40868
40869
40872
40907
40908
41622
41623
40881
40883
40991
40992
38821
03887
03889
27076
32556
24377
19131
03901
27079
15565
19130
28908
03917
03921
27080
41458
32567
40250
03927
38497
03929
34703
41100
41545
33687
41101
28811
33321
26651
32314
31323
31330
03973
41102
41103
41104
33702
28820
04003
04019
41373
41455
39854
39856
39857
38396
18305
18306
24030
38397
18312
33640
33641
40905
37179
37180
37457
37461
40226
37463
41130
40815
41303
40700
40703
40753
40776
31858
31859
33318
40317
26441
33531
26442
41530
40701
40702
40789
41465
40787
04193
35993
32263
40711
37177
40705
40712
40713
41389
40720
36950
40296
32255
32256
34691
40740
40731
41555
41467
40732
36016
36017
40729
41464
41468
41473
41475
41601
41603
41604
41606
41618
41665
41672
41466
41500
36795
29863
41352
41471
41479
41615
28672
40736
40754
21174
40742
40751
40752
38683
32771
41483
38688
38689
28697
38690
04327
04329
28694
04331
04333
41431
41432
41508
41617
41620
41621
41629
41636
34692
28712
40747
40748
40887
41560
41460
40749
40750
32283
41595
40730
41382
41406
41511
41602
38094
41558
34787
35624
41434
41501
40734
41509
41559
41433
40235
40399
35622
18397
26668
32313
34729
18405
40990
39153
37195
40994
41147
37788
41149
41151
41089
36824
38182
41087
41088
39911
40053
40054
35971
39923
10953
04543
04545
40361
22050
22031
04551
39454
23097
39480
04555
37155
37156
37147
37152
37149
37153
37169
40792
40878
40793
40794
40841
40840
40899
40686
40796
41339
41547
41005
40684
40824
40830
40876
40685
40831
40885
41028
40886
41029
41024
41031
40675
40680
41035
40676
41027
40877
15170
15169
21131
15171
34931
40879
37400
37259
36213
34935
35683
40777
40779
34937
36027
36169
37923
29106
35687
38442
37205
31942
04779
39218
36062
36195
04829
40070
40071
38875
40977
37604
37605
37606
37607
37609
39764
39766
40975
36784
41652
31757
35320
31765
40230
31767
31768
31769
41586
41664
41653
35353
35354
31917
31918
31770
34511
34512
34513
40475
39004
41097
41098
36003
31306
39695
41099
32291
33519
39697
38728
39976
39568
39570
39572
39574
39585
39560
39576
40968
39593
39594
39588
39590
39592
39569
39595
39567
40076
39579
39566
40021
39581
39596
40306
39589
39562
39584
39583
39493
41124
41125
41123
41131
41524
41135
41134
39191
32460
31998
39230
26688
28740
28741
28742
35193
32428
41594
37942
37943
37944
40474
38348
37524
37525
37539
39750
40718
38835
37534
39748
40719
37536
40857
37550
38344
39242
40976
39603
38582
38565
38603
38594
38569
38570
38600
38575
39604
38602
38593
38572
38598
38604
38564
38574
38595
38571
39607
39193
37197
37199
39626
40906
37850
32390
32391
32392
32561
39163
26810
35190
39341
32568
32571
41110
41224
41225
41430
41512
39664
38389
40050
38390
39215
41574
41605
41528
41529
26522
32826
33126
26523
40726
40728
37776
41366
40737
24410
41608
40744
41575
34666
38097
40745
34687
41649
41650
24414
38242
40370
26555
40374
31258
35632
37845
35635
35636
38254
38255
41614
31347
21953
38219
28596
28610
17914
21402
17982
31351
34323
17928
36163
32855
32861
32862
32836
32847
32846
32850
36038
41032
41033
38140
32865
34671
39734
05765
05783
38401
34765
22681
05793
30819
38402
29456
24362
36696
37672
33938
05807
33944
22538
32866
34774
05811
05813
15539
37844
32721
32722
32724
36207
39871
41011
33890
10655
33873
21702
27223
33894
36724
41016
41244
37849
39880
36211
37296
41229
05889
05891
41449
39882
31590
17958
34377
05895
35119
38851
35264
41282
41179
41180
39369
39370
05453
05455
35941
35942
40915
05497
05499
05501
05505
05507
05509
23621
27245
27980
31720
32816
05517
32817
39401
05529
05531
05533
05535
28860
32829
31418
35943
35944
35945
35946
35947
35948
35949
35950
35951
35952
35954
35955
35956
37098
35953
37099
37100
37101
38955
34673
34674
34675
35957
36831
41583
34677
35958
35959
35960
35962
35963
35964
39405
40313
39640
05601
05603
35965
35966
38622
05605
05609
05619
22535
27155
38244
35967
37105
35755
35758
35760
35761
26636
29931
29933
40555
41564
27259
28864
05643
05645
35968
37907
38260
15626
40556
39910
36152
41329
31988
18791
39932
39933
40284
21373
39098
21360
39791
39792
40958
40961
34490
34491
40963
41424
32344
32345
32346
32347
40180
41568
41569
41457
38762
39935
41037
39273
25110
39886
40765
41428
40767
40768
40769
41598
40760
40770
40762
05693
32429
05713
05717
05719
05721
05731
05733
05735
05743
36729
15106
05827
39673
05833
15125
05841
33619
32295
41137
05853
18927
39624
32178
32179
33491
32180
06005
06007
06009
06011
18883
28909
31754
32825
41587
29071
06087
06091
06093
06097
06183
31753
31948
33306
06421
06423
32823
06427
19782
06429
32182
32830
32203
32204
23798
06445
32183
06809
06811
28813
41092
33691
32184
34962
33033
37239
32192
32193
06835
31874
38619
41174
40178
41582
06839
37982
40215
15853
32822
06843
36856
06845
33290
06847
33291
33292
06851
06853
06855
32194
33316
32195
32196
33251
41573
06877
06879
06883
06891
06899
06917
07007
41557
07221
33293
36708
07223
33402
31728
33294
32198
32199
32200
32201
07235
35744
07695
38718
37235
34443
39181
15666
40161
41616
41599
37244
41563
41562
39333
41514
41472
41330
40041
35184
35339
36058
40862
34886
34944
34892
34893
34894
34895
34896
38092
38752
38757
38758
34887
34888
34889
34890
34891
38760
38761
38763
38764
36059
34943
34951
34952
34953
34954
34955
38767
38769
38770
34945
34947
34946
38854
41283
34948
34950
41284
36260
36076
32920
41048
41049
41050
41051
41054
36075
36255
38857
38858
38860
39705
39706
39708
36077
36078
36079
36080
36081
39721
39723
36268
36272
36273
39724
36274
36276
35341
35342
35343
38786
32964
37635
37636
37637
37638
37639
37640
24616
24618
31783
34425
37642
37564
37569
38799
38801
39788
39789
39790
40608
15856
39521
25813
39527
40548
40549
40550
27331
31470
29193
34525
39182
39358
39447
29198
29199
34401
34403
36594
39865
32683
29200
29202
34495
39888
39889
40814
35074
35075
40816
41204
41211
36297
39890
40817
40818
40819
40820
40821
38884
41610
41612
40979
40984
40980
40983
40987
40988
40986
40989
38493
38492
38494
38495
38496
08073
35132
35147
24547
34355
08079
08127
16162
08137
39151
39801
38478
08123
35295
38025
38095
36353
35142
37117
08077
37671
37113
08131
24664
39152
34105
39534
39804
35134
35137
40571
37082
08151
40573
40580
40581
37065
37077
37067
41228
15984
35974
38118
33060
08171
08177
33057
39531
23202
41657
29802
08193
08195
35530
40586
41541
31684
08393
32997
32998
08395
41319
08409
08411
31685
08413
08415
08417
08419
31733
34395
35660
39236
08421
33157
33136
24530
35720
33001
33093
33002
33003
35399
34034
34046
41425
34454
33004
33005
33006
34020
34036
08457
33918
34021
08461
08463
33154
38019
12081
35862
12093
35210
33920
33924
36537
40322
40328
41291
36538
23888
23890
23891
23892
23893
23896
23898
23903
23929
23908
23910
31866
23914
36584
36197
38674
41068
23934
36198
28638
26644
23937
23957
23959
37001
29862
38641
31346
37006
41219
41223
27309
38997
36322
35871
41220
38067
41221
23949
23952
32139
41222
24015
24017
36649
36417
40521
40522
40561
40562
40523
40524
41403
40525
40526
40527
40560
40528
40563
40564
40529
41257
41258
40567
41313
40530
40531
40715
40532
40533
40677
40534
40536
40537
40539
40540
40541
41259
41260
41261
41262
41263
41264
40542
40576
40577
40543
40578
40595
40544
41272
41429
40545
41271
41585
41273
40596
08513
08515
08517
08519
35661
40558
08589
38948
37782
37783
40588
40589
32593
24642
40210
40211
08605
27136
27137
35251
39064
36377
40584
08637
37379
41279
32620
32597
39778
36333
40585
40672
40623
40645
24643
24644
40882
33903
33909
08777
27899
08793
40784
40038
40583
37496
33858
37499
24249
08811
24851
39796
40039
41533
10955
10969
10971
10975
10977
10987
11017
34103
11027
11033
10865
26851
36830
34104
38789
10901
25042
11053
33272
31476
31477
10909
10911
20417
38905
41073
18782
25637
10915
10917
34788
41079
41080
19100
28954
28956
34795
34793
34794
30577
41631
10929
37585
40935
41626
40924
41627
40936
40923
40925
41537
41584
08869
37040
34288
21637
08873
28872
28873
31689
28876
28878
37058
28891
29928
28893
40487
28902
37053
37935
37936
37046
37047
37048
37049
37050
41676
08927
31931
39962
08945
39832
39924
40822
40823
21532
27090
40832
40833
40852
40844
40850
40851
40853
40854
41438
41613
40165
38371
41492
40169
40170
37176
37818
39968
37267
38585
26686
40940
38586
35390
35392
35394
35396
15065
15069
21826
35391
35393
35395
35398
15077
15079
40630
40632
40633
40634
41628
40982
34208
34217
40926
34922
37772
40025
41507
39999
40927
40932
34929
40934
36384
41205
36375
41349
41552
36386
40939
36385
41206
09217
09225
09247
25070
09263
09265
09269
09271
09273
09277
09283
09289
09291
09295
09299
09305
09309
19564
10173
33026
33721
10181
32752
10187
31214
38714
32754
32755
33723
26719
32038
35095
24370
10197
29068
26717
26716
21375
32766
33753
32767
33754
32773
32774
29074
29076
39488
09363
09375
09377
09379
19888
36697
38874
18736
09407
41038
09425
09427
18747
10675
41041
09431
36220
36222
26755
21761
19111
09459
24056
41047
18765
09519
41673
09523
09525
09719
21407
33829
41660
41661
09823
40272
40302
40303
26339
21284
41640
18633
18640
21311
28748
28749
29047
29048
31262
34790
36088
18647
41641
38643
38645
18655
38647
38649
26801
10153
37271
33473
40310
31265
31266
38778
38780
38776
38777
38779
38781
38782
38783
38785
38792
38793
38794
38795
38797
38798
38807
40600
40601
40606
40607
40643
40648
40650
40651
40652
40653
41421
33090
38447
39540
38448
39543
38452
39537
33101
33102
35304
35305
35306
40547
40546
37030
34372
15599
31423
33622
33633
33642
32958
32959
32960
32961
35357
29467
36190
39709
10233
10235
32656
33682
36406
36698
41145
31469
39158
32657
33194
10249
33192
38963
10253
35000
10259
36633
33828
32663
33141
39057
39073
32086
33198
41156
37270
41148
32689
30801
35433
33085
41144
41238
40635
40637
40638
40639
40640
